{"genres":["Drama","Comedy","Action","Crime","Romance","Thriller","Adventure","Horror","Mystery","Fantasy"],"matrix":[[0,1512,892,1245,1261,712,444,353,569,286],[1512,0,526,540,917,77,642,185,72,249],[892,526,0,803,59,506,853,152,81,172],[1245,540,803,0,85,512,79,81,301,18],[1261,917,59,85,0,49,40,14,61,66],[712,77,506,512,49,0,99,394,337,22],[444,642,853,79,40,99,0,58,38,181],[353,185,152,81,14,394,58,0,386,173],[569,72,81,301,61,337,38,386,0,55],[286,249,172,18,66,22,181,173,55,0]]}